  -1.2197491e+02   3.6576490e+01
  -1.2197611e+02   3.6578280e+01
  -1.2197730e+02   3.6579616e+01
  -1.2197849e+02   3.6580953e+01
  -1.2197854e+02   3.6582313e+01
  -1.2197913e+02   3.6582754e+01
  -1.2197801e+02   3.6583684e+01
  -1.2197634e+02   3.6585080e+01
  -1.2197521e+02   3.6585557e+01
  -1.2197349e+02   3.6585592e+01
  -1.2197120e+02   3.6585639e+01
  -1.2197005e+02   3.6585663e+01
  -1.2196891e+02   3.6585687e+01
  -1.2196723e+02   3.6587082e+01
  -1.2196615e+02   3.6588919e+01
  -1.2196507e+02   3.6591209e+01
  -1.2196459e+02   3.6593941e+01
  -1.2196353e+02   3.6596684e+01
  -1.2196359e+02   3.6598497e+01
  -1.2196368e+02   3.6601217e+01
  -1.2196264e+02   3.6604414e+01
  -1.2196051e+02   3.6609448e+01
  -1.2195887e+02   3.6611749e+01
  -1.2195775e+02   3.6612680e+01
  -1.2195719e+02   3.6613145e+01
  -1.2195546e+02   3.6612726e+01
  -1.2195371e+02   3.6611855e+01
  -1.2195142e+02   3.6611902e+01
  -1.2194916e+02   3.6612855e+01
  -1.2194805e+02   3.6614238e+01
  -1.2194529e+02   3.6617470e+01
  -1.2194423e+02   3.6620213e+01
  -1.2194316e+02   3.6622503e+01
  -1.2194266e+02   3.6624782e+01
  -1.2194272e+02   3.6626595e+01
  -1.2194219e+02   3.6627966e+01
  -1.2194163e+02   3.6628431e+01
  -1.2193994e+02   3.6629373e+01
  -1.2193881e+02   3.6629850e+01
  -1.2193884e+02   3.6630756e+01
  -1.2193891e+02   3.6633023e+01
  -1.2193955e+02   3.6634824e+01
  -1.2193959e+02   3.6636184e+01
  -1.2193793e+02   3.6638033e+01
  -1.2193681e+02   3.6638962e+01
  -1.2193511e+02   3.6639451e+01
  -1.2193281e+02   3.6639497e+01
  -1.2192817e+02   3.6637777e+01
  -1.2192526e+02   3.6636474e+01
  -1.2192235e+02   3.6635172e+01
  -1.2192232e+02   3.6634266e+01
  -1.2192170e+02   3.6632917e+01
  -1.2191993e+02   3.6631139e+01
  -1.2191644e+02   3.6629848e+01
  -1.2191355e+02   3.6628999e+01
  -1.2191007e+02   3.6627708e+01
  -1.2190711e+02   3.6625045e+01
  -1.2190065e+02   3.6620185e+01
  -1.2189768e+02   3.6617069e+01
  -1.2189526e+02   3.6613035e+01
  -1.2189400e+02   3.6609431e+01
  -1.2189218e+02   3.6606292e+01
  -1.2189039e+02   3.6604060e+01
  -1.2188922e+02   3.6603629e+01
  -1.2188576e+02   3.6602791e+01
  -1.2188175e+02   3.6602870e+01
  -1.2187776e+02   3.6603856e+01
  -1.2187550e+02   3.6604808e+01
  -1.2187211e+02   3.6606236e+01
  -1.2186818e+02   3.6609036e+01
  -1.2186423e+02   3.6610928e+01
  -1.2186142e+02   3.6612798e+01
  -1.2185917e+02   3.6614203e+01
  -1.2185526e+02   3.6617455e+01
  -1.2185083e+02   3.6622531e+01
  -1.2184363e+02   3.6630837e+01
  -1.2183815e+02   3.6639108e+01
  -1.2183379e+02   3.6646451e+01
  -1.2182992e+02   3.6651062e+01
  -1.2182774e+02   3.6654733e+01
  -1.2182506e+02   3.6660682e+01
  -1.2182289e+02   3.6664806e+01
  -1.2182129e+02   3.6668919e+01
  -1.2182022e+02   3.6671208e+01
  -1.2181915e+02   3.6673950e+01
  -1.2181753e+02   3.6677157e+01
  -1.2181594e+02   3.6681270e+01
  -1.2181489e+02   3.6684465e+01
  -1.2181330e+02   3.6689031e+01
  -1.2181233e+02   3.6694493e+01
  -1.2181077e+02   3.6699966e+01
  -1.2180919e+02   3.6704532e+01
  -1.2180877e+02   3.6709530e+01
  -1.2180780e+02   3.6715445e+01
  -1.2180745e+02   3.6722709e+01
  -1.2180700e+02   3.6726800e+01
  -1.2180714e+02   3.6731333e+01
  -1.2180788e+02   3.6736762e+01
  -1.2180807e+02   3.6742655e+01
  -1.2180707e+02   3.6747663e+01
  -1.2180717e+02   3.6750836e+01
  -1.2180608e+02   3.6752671e+01
  -1.2180547e+02   3.6751776e+01
  -1.2180428e+02   3.6750438e+01
  -1.2180424e+02   3.6749078e+01
  -1.2180360e+02   3.6746822e+01
  -1.2180241e+02   3.6745484e+01
  -1.2180126e+02   3.6745506e+01
  -1.2180070e+02   3.6745971e+01
  -1.2179957e+02   3.6746446e+01
  -1.2180017e+02   3.6747342e+01
  -1.2180081e+02   3.6749597e+01
  -1.2180258e+02   3.6750924e+01
  -1.2180319e+02   3.6752273e+01
  -1.2180267e+02   3.6754097e+01
  -1.2180326e+02   3.6754539e+01
  -1.2180334e+02   3.6757259e+01
  -1.2180396e+02   3.6758608e+01
  -1.2180402e+02   3.6760421e+01
  -1.2180291e+02   3.6761803e+01
  -1.2180180e+02   3.6763185e+01
  -1.2180127e+02   3.6764556e+01
  -1.2180071e+02   3.6765020e+01
  -1.2180076e+02   3.6766834e+01
  -1.2180142e+02   3.6769543e+01
  -1.2180151e+02   3.6772262e+01
  -1.2180041e+02   3.6774097e+01
  -1.2179992e+02   3.6776828e+01
  -1.2179830e+02   3.6780034e+01
  -1.2179671e+02   3.6784600e+01
  -1.2179516e+02   3.6790073e+01
  -1.2179303e+02   3.6795556e+01
  -1.2179203e+02   3.6800564e+01
  -1.2179157e+02   3.6804201e+01
  -1.2179047e+02   3.6806036e+01
  -1.2178880e+02   3.6807882e+01
  -1.2178596e+02   3.6808844e+01
  -1.2178369e+02   3.6809794e+01
  -1.2178257e+02   3.6810722e+01
  -1.2177971e+02   3.6811230e+01
  -1.2177685e+02   3.6811737e+01
  -1.2177344e+02   3.6813162e+01
  -1.2177117e+02   3.6814112e+01
  -1.2177061e+02   3.6814577e+01
  -1.2177178e+02   3.6815461e+01
  -1.2177295e+02   3.6815893e+01
  -1.2177582e+02   3.6815839e+01
  -1.2178154e+02   3.6814823e+01
  -1.2178607e+02   3.6812470e+01
  -1.2178833e+02   3.6811066e+01
  -1.2179004e+02   3.6810580e+01
  -1.2179120e+02   3.6811012e+01
  -1.2179123e+02   3.6811918e+01
  -1.2179130e+02   3.6814185e+01
  -1.2179254e+02   3.6817336e+01
  -1.2179614e+02   3.6822256e+01
  -1.2179736e+02   3.6824501e+01
  -1.2179920e+02   3.6828094e+01
  -1.2180105e+02   3.6832141e+01
  -1.2180411e+02   3.6838432e+01
  -1.2180540e+02   3.6842943e+01
  -1.2180723e+02   3.6846083e+01
  -1.2180846e+02   3.6848781e+01
  -1.2180908e+02   3.6850130e+01
  -1.2180856e+02   3.6851954e+01
  -1.2180689e+02   3.6853800e+01
  -1.2180634e+02   3.6854717e+01
  -1.2180638e+02   3.6856077e+01
  -1.2180699e+02   3.6856973e+01
  -1.2180813e+02   3.6856951e+01
  -1.2180983e+02   3.6856011e+01
  -1.2181095e+02   3.6855083e+01
  -1.2181269e+02   3.6855503e+01
  -1.2181328e+02   3.6855945e+01
  -1.2181506e+02   3.6857725e+01
  -1.2181690e+02   3.6861318e+01
  -1.2182116e+02   3.6868946e+01
  -1.2182421e+02   3.6874330e+01
  -1.2182905e+02   3.6881947e+01
  -1.2183208e+02   3.6886878e+01
  -1.2183452e+02   3.6891366e+01
  -1.2183811e+02   3.6895832e+01
  -1.2184109e+02   3.6898949e+01
  -1.2184412e+02   3.6903879e+01
  -1.2184715e+02   3.6908809e+01
  -1.2185019e+02   3.6913739e+01
  -1.2185384e+02   3.6920017e+01
  -1.2185868e+02   3.6927633e+01
  -1.2186408e+02   3.6934330e+01
  -1.2187124e+02   3.6942353e+01
  -1.2187900e+02   3.6950818e+01
  -1.2188670e+02   3.6957469e+01
  -1.2189321e+02   3.6962782e+01
  -1.2189851e+02   3.6966305e+01
  -1.2190320e+02   3.6968933e+01
  -1.2190789e+02   3.6971561e+01
  -1.2191200e+02   3.6973747e+01
  -1.2191665e+02   3.6975014e+01
  -1.2192131e+02   3.6976735e+01
  -1.2192540e+02   3.6978467e+01
  -1.2192946e+02   3.6979292e+01
  -1.2193295e+02   3.6980129e+01
  -1.2193640e+02   3.6980060e+01
  -1.2193927e+02   3.6979548e+01
  -1.2194152e+02   3.6978142e+01
  -1.2194378e+02   3.6976736e+01
  -1.2194718e+02   3.6974853e+01
  -1.2195001e+02   3.6973435e+01
  -1.2195342e+02   3.6972005e+01
  -1.2195626e+02   3.6970586e+01
  -1.2195682e+02   3.6970121e+01
  -1.2195850e+02   3.6968726e+01
  -1.2196073e+02   3.6966413e+01
  -1.2196184e+02   3.6965030e+01
  -1.2196405e+02   3.6962264e+01
  -1.2196687e+02   3.6960392e+01
  -1.2196916e+02   3.6959892e+01
  -1.2197026e+02   3.6958508e+01
  -1.2197254e+02   3.6957555e+01
  -1.2197366e+02   3.6956625e+01
  -1.2197598e+02   3.6957031e+01
  -1.2197829e+02   3.6957437e+01
  -1.2198179e+02   3.6958725e+01
  -1.2198360e+02   3.6960956e+01
  -1.2198537e+02   3.6962280e+01
  -1.2198769e+02   3.6962686e+01
  -1.2198997e+02   3.6962185e+01
  -1.2199340e+02   3.6961208e+01
  -1.2199808e+02   3.6963378e+01
  -1.2200329e+02   3.6964177e+01
  -1.2200566e+02   3.6965943e+01
  -1.2200855e+02   3.6966336e+01
  -1.2201200e+02   3.6966264e+01
  -1.2201315e+02   3.6966240e+01
  -1.2201546e+02   3.6966192e+01
  -1.2202114e+02   3.6963806e+01
  -1.2202399e+02   3.6962839e+01
  -1.2202508e+02   3.6961002e+01
  -1.2202558e+02   3.6958724e+01
  -1.2202551e+02   3.6956911e+01
  -1.2202600e+02   3.6954180e+01
  -1.2202768e+02   3.6952784e+01
  -1.2202998e+02   3.6952736e+01
  -1.2203229e+02   3.6952687e+01
  -1.2203457e+02   3.6952186e+01
  -1.2203633e+02   3.6953056e+01
  -1.2203865e+02   3.6953461e+01
  -1.2204039e+02   3.6953878e+01
  -1.2204153e+02   3.6953400e+01
  -1.2204268e+02   3.6953376e+01
  -1.2204552e+02   3.6952409e+01
  -1.2204836e+02   3.6950988e+01
  -1.2205293e+02   3.6949985e+01
  -1.2205467e+02   3.6950401e+01
  -1.2205640e+02   3.6950365e+01
  -1.2205757e+02   3.6950793e+01
  -1.2205872e+02   3.6950769e+01
  -1.2206104e+02   3.6951173e+01
  -1.2206275e+02   3.6950684e+01
  -1.2206447e+02   3.6950647e+01
  -1.2206561e+02   3.6950169e+01
  -1.2206734e+02   3.6950132e+01
  -1.2206850e+02   3.6950561e+01
  -1.2207140e+02   3.6950953e+01
  -1.2207373e+02   3.6951810e+01
  -1.2207606e+02   3.6952668e+01
  -1.2207667e+02   3.6953562e+01
  -1.2207843e+02   3.6954431e+01
  -1.2207960e+02   3.6954860e+01
  -1.2208132e+02   3.6954823e+01
  -1.2208248e+02   3.6954799e+01
  -1.2208419e+02   3.6954308e+01
  -1.2208534e+02   3.6954284e+01
  -1.2208765e+02   3.6954688e+01
  -1.2208884e+02   3.6955569e+01
  -1.2209116e+02   3.6955973e+01
  -1.2209464e+02   3.6956805e+01
  -1.2209926e+02   3.6957159e+01
  -1.2210392e+02   3.6958420e+01
  -1.2210683e+02   3.6959264e+01
  -1.2211151e+02   3.6961431e+01
  -1.2211269e+02   3.6962312e+01
  -1.2211504e+02   3.6963622e+01
  -1.2211621e+02   3.6964050e+01
  -1.2211794e+02   3.6964013e+01
  -1.2211912e+02   3.6964894e+01
  -1.2212029e+02   3.6965323e+01
  -1.2212147e+02   3.6966204e+01
  -1.2212264e+02   3.6966632e+01
  -1.2212438e+02   3.6967048e+01
  -1.2212553e+02   3.6967023e+01
  -1.2212668e+02   3.6966998e+01
  -1.2212725e+02   3.6966532e+01
  -1.2212784e+02   3.6966973e+01
  -1.2212959e+02   3.6967842e+01
  -1.2213137e+02   3.6969164e+01
  -1.2213369e+02   3.6969567e+01
  -1.2213483e+02   3.6969088e+01
  -1.2213601e+02   3.6969969e+01
  -1.2213663e+02   3.6971317e+01
  -1.2213844e+02   3.6973545e+01
  -1.2214021e+02   3.6974867e+01
  -1.2214260e+02   3.6977082e+01
  -1.2214436e+02   3.6977951e+01
  -1.2214553e+02   3.6978379e+01
  -1.2214900e+02   3.6978756e+01
  -1.2215013e+02   3.6978278e+01
  -1.2215128e+02   3.6978253e+01
  -1.2215360e+02   3.6978655e+01
  -1.2215421e+02   3.6979549e+01
  -1.2215485e+02   3.6981349e+01
  -1.2215607e+02   3.6983137e+01
  -1.2215728e+02   3.6984924e+01
  -1.2215906e+02   3.6986246e+01
  -1.2231268e+02   3.6984089e+01
  -1.2231381e+02   3.6575451e+01
